 SetDesc: "set generated with APFEL - DSS14_NLO_Pip"
 Authors: V. Bertone, S. Carrazza, J. Rojo
 Reference: ArXiv:1310.1394
 Format: lhagrid1
 DataVersion: 1
 NumMembers:          57
 Particle: 2212
 Flavors: [ -5, -4, -3, -2, -1, 21,  1,  2,  3,  4,  5]
 OrderQCD:           1
 FlavorScheme: variable
 NumFlavors:            5
 ErrorType: replicas
 XMin:   5.0000000000000003E-002
 XMax:   1.0000000000000000     
 QMin:   1.0000000000500000     
 QMax:   99.999989999999499     
 MZ:   1.4142135623730951     
 MUp: 0
 MDown: 0
 MStrange: 0
 MCharm:   1.4299999999999999     
 MBottom:   4.2999999999999998     
 MTop:   175.00000000000000     
 ThresholdCharm:   1.4299999999999999     
 ThresholdBottom:   4.2999999999999998     
 ThresholdTop:   102.99998999999950     
 AlphaS_MZ:  0.34999999999999998     
 AlphaS_OrderQCD:           1
 AlphaS_Type: ipol
 AlphaS_Qs: [   1.0000000000500000      ,   1.0472942126187863      ,   1.0985159453363322      ,   1.1540783223511668      ,   1.2144468154985637      ,   1.2801469502274343      ,   1.3517732986876558      ,   1.4299999999999997      ,   1.4299999999999997      ,   1.5095908822757185      ,   1.5962947147573652      ,   1.6909087165365355      ,   1.7943366212352685      ,   1.9076050854134161      ,   2.0318829490842845      ,   2.1685038993134409      ,   2.3189932048414259      ,   2.4850993336851808      ,   2.6688314435009377      ,   2.8725039547192539      ,   3.0987896900206944      ,   3.3507834045679257      ,   3.6320779574332134      ,   3.9468559088559623      ,   4.2999999999999998      ,   4.2999999999999998      ,   4.7034054691044629      ,   5.1592182622649290      ,   5.6757282192110265      ,   6.2627546888389354      ,   6.9319671979524493      ,   7.6972811954391860      ,   8.5753482553295672      ,   9.5861655889146817      ,   10.753836854457791      ,   12.107525613887614      ,   13.682655114730684      ,   15.522424386057457      ,   17.679732314064712      ,   20.219630306821834      ,   23.222462990700393      ,   26.787908738512190      ,   31.040202778110565      ,   36.134922269267207      ,   42.267845067033370      ,   49.686576079402492      ,   58.705887361678329      ,   69.728069298050542      ,   83.270082109737004      ,   99.999989999999386      ]
 AlphaS_Vals: [  0.53633206635584330      ,  0.50711551592926918      ,  0.48058897681313739      ,  0.45640300350137997      ,  0.43426193971000537      ,  0.41391467468563448      ,  0.39514714289693997      ,  0.37777621016710927      ,  0.37777620883172536      ,  0.36460287504968930      ,  0.35210195474886169      ,  0.34021970021128040      ,  0.32890794954476354      ,  0.31812346979826067      ,  0.30782738365523349      ,  0.29798466867703655      ,  0.28856371918428247      ,  0.27953596232258993      ,  0.27087552108723223      ,  0.26255891811789028      ,  0.25456481495185435      ,  0.24687378216783165      ,  0.23946809648466477      ,  0.23233156141764327      ,  0.22544934857556673      ,  0.22544934853587068      ,  0.21942955865368202      ,  0.21356979880806506      ,  0.20786498861239230      ,  0.20231030377168435      ,  0.19690115771590447      ,  0.19163318459467168      ,  0.18650222355780824      ,  0.18150430423291733      ,  0.17663563331642457      ,  0.17189258219952250      ,  0.16727167555523925      ,  0.16276958081740805      ,  0.15838309848664972      ,  0.15410915320260032      ,  0.14994478552552801      ,  0.14588714437418621      ,  0.14193348007026138      ,  0.13808113794308832      ,  0.13432755245143840      ,  0.13067024178214140      ,  0.12710680288808424      ,  0.12363490693075169      ,  0.12025229509493705      ,  0.11695677474556641      ]
 AlphaS_Lambda4:  0.29315098171274678     
 AlphaS_Lambda5:  0.23551804338559035     
